f16_properties

xPQ = mass.Jxz*(mass.Jxx - mass.Jyy + mass.Jzz);
xQR = mass.Jzz*(mass.Jzz-mass.Jyy) + mass.Jxz*2;
yPR = mass.Jzz - mass.Jxx;
zPQ = (mass.Jxx - mass.Jyy)*mass.Jxx + mass.Jxz^2;   
GAM = mass.Jxx*mass.Jzz - mass.Jxz^2;

r2d = 180/pi;

%% Atmosphere and Power Properties

rho0 = 2.377e-3;

altitude_vec = 0:10000:50000; % top to bottom
Mach_vec = linspace(0,1,6); % left to right
pow_vec = [0 50 100];

% low throttle lookup
throt1 = [1060.0, 670.0, 880.0, 1140.0, 1500.0, 1860.0;
    635.0, 425.0, 690.0, 1010.0, 1330.0, 1700.0;
    60.0, 25.0, 345.0, 755.0, 1130.0, 1525.0;
    -1020.0, -710.0, -300.0, 350.0, 910.0, 1360.0;
    -2700.0, -1900.0, -1300.0, -247.0, 600.0, 1100.0;
    -3600.0, -1400.0, -595.0, -342.0, -200.0, 700.0];

% mil power
throt2 = [12680.0, 9150.0, 6200.0, 3950.0, 2450.0, 1400.0;
    12680.0, 9150.0, 6313.0, 4040.0, 2470.0, 1400.0;
    12610.0, 9312.0, 6610.0, 4290.0, 2600.0, 1560.0;
    12640.0, 9839.0, 7090.0, 4660.0, 2840.0, 1660.0;
    12390.0, 10176.0, 7750.0, 5320.0, 3250.0, 1930.0;
    11680.0, 9848.0, 8050.0, 6100.0, 3800.0, 2310.0];

% max power lookup (afterburner)
throt3 = [20000.0, 15000.0, 10800.0, 7000.0, 4000.0, 2500.0;
    21420.0, 15700.0, 11225.0, 7323.0, 4435.0, 2600.0;
    22700.0, 16860.0, 12250.0, 8154.0, 5000.0, 2835.0;
    24240.0, 18910.0, 13760.0, 9285.0, 5700.0, 3215.0;
    26070.0, 21075.0, 15975.0, 11115.0, 6860.0, 3950.0;
    28886.0, 23319.0, 18300.0, 13484.0, 8642.0, 5057.0];

power_table = cat(3,throt1',throt2',throt3');

%% Force and Moment Coefficients

alpha_vec = -10:5:45;
beta_vec5 = 0:5:30;
beta_vec10 = -30:10:30;
elev_vec = -24:12:24;

%alpha left to right
%elev top to bottom
Cx_lookup = [-.099, -.081, -.081, -.063, -.025, .044, .097, .113, .145, .167, .174, .166;
    -.048, -.038, -.040, -.021, .016, .083, .127, .137, .162, .177, .179, .167;
    -.022, -.020, -.021, -.004, .032, .094, .128, .130, .154, .161, .155, .138;
    -.040, -.038, -.039, -.025, .006, .062, .087, .085, .100, .110, .104, .091;
    -.083, -.073, -.076, -.072, -.046, .012, .024, .025, .043, .053, .047, .040];

%alpha left to right
Cz_lookup = [.770, .241, -.100, -.416, -.731, -1.053, -1.366, -1.646, -1.917, -2.120, -2.248, -2.229];

%alpha left to right
%beta top to bottom
Cl_lookup = [0, 0, 0, 0, 0, 0, 0, 0, 0, 0, 0, 0;
    -.001, -.004, -.008, -.012, -.016, -.019, -.020, -.020, -.015, -.008, -.013, -.015;
    -.003, -.009, -.017, -.024, -.030, -.034, -.040, -.037, -.016, -.002, -.010, -.019;
    -.001, -.010, -.020, -.030, -.039, -.044, -.050, -.049, -.023, -.006, -.014, -.027;
    .000, -.010, -.022, -.034, -.047, -.046, -.059, -.061, -.033, -.036, -.035, -.035;
    .007, -.010, -.023, -.034, -.049, -.046, -.068, -.071, -.060, -.058, -.062, -.059;
    .009, -.011, -.023, -.037, -.050, -.047, -.074, -.079, -.091, -.076, -.077, -.076];

%alpha left to right
%elev top to bottom
Cm_lookup = [.205, .168, .186, .196, .213, .251, .245, .238, .252, .231, .198, .192;
    .081, .077, .107, .110, .110, .141, .127, .119, .133, .108, .081, .093;
    -.046, -.020, -.009, -.005, -.006, .010, .006, -.001, .014, .000, -.013, .032;
    -.174, -.145, -.121, -.127, -.129, -.102, -.097, -.113, -.087, -.084, -.069, -.006;
    -.259, -.202, -.184, -.193, -.199, -.150, -.160, -.167, -.104, -.076, -.041, -.005];

%alpha left to right
%beta top to bottom
Cn_lookup = [0, 0, 0, 0, 0, 0, 0, 0, 0, 0, 0, 0;
    .018, .019, .018, .019, .019, .018, .013, .007, .004, -.014, -.017, -.033,
    .038, .042, .042, .042, .043, .039, .030, .017, .004, -.035, -.047, -.057;
    .056, .057, .059, .058, .058, .053, .032, .012, .002, -.046, -.071, -.073;
    .064, .077, .076, .074, .073, .057, .029, .007, .012, -.034, -.065, -.041;
    .074, .086, .093, .089, .080, .062, .049, .022, .028, -.012, -.002, -.013;
    .079, .090, .106, .106, .096, .080, .068, .030, .064, .015, .011, -.001];

% damping derivatives
damp_table = [-.267, -.110, .308, 1.34, 2.08, 2.91, 2.76, 2.05, 1.50, 1.49, 1.83, 1.21;
    .882, .852, .876, .958, .962, .974, .819, .483, .590, 1.21, -.493, -1.04;
    -.108, -.108, -.188, .110, .258, .226, .344, .362, .611, .529, .298, -2.27;
    -8.80, -25.8, -28.9, -31.4, -31.2, -30.7, -27.7, -28.2, -29.0, -29.8, -38.3, -35.3;
    -.126, -.026, .063, .113, .208, .230, .319, .437, .680, .100, .447, -.330;
    -.360, -.359, -.443, -.420, -.383, -.375, -.329, -.294, -.230, -.210, -.120, -.100;
    -7.21, -.540, -5.23, -5.26, -6.11, -6.64, -5.69, -6.00, -6.20, -6.40, -6.60, -6.00;
    -.380, -.363, -.378, -.386, -.370, -.453, -.550, -.582, -.595, -.637, -1.02, -.840;
    .061, .052, .052, -.012, -.013, -.024, .050, .150, .130, .158, .240, .150];

% damp_vec = [CXq; CYr; CYp; CZq; Clr; Clp; Cmq; Cnr; Cnp]

% control derivatives
dlda_lookup = [-.041, -.052, -.053, -.056, -.050, -.056, -.082, -.059, -.042, -.038, -.027, -.017;
    -.041, -.053, -.053, -.053, -.050, -.051, -.066, -.043, -.038, -.027, -.023, -.016;
    -.042, -.053, -.052, -.051, -.049, -.049, -.043, -.035, -.026, -.016, -.018, -.014;
    -.040, -.052, -.051, -.052, -.048, -.048, -.042, -.037, -.031, -.026, -.017, -.012;
    -.043, -.049, -.048, -.049, -.043, -.042, -.042, -.036, -.025, -.021, -.016, -.011;
    -.044, -.048, -.048, -.047, -.042, -.041, -.020, -.028, -.013, -.014, -.011, -.010;
    -.043, -.049, -.047, -.045, -.042, -.037, -.003, -.013, -.010, -.003, -.007, -.008];

dldr_lookup = [.005, .017, .014, .010, -.005, .009, .019, .005, -.000, -.005, -.011, .008;
    .007, .016, .014, .014, .013, .009, .012, .005, .000, .004, .009, .007;
    .013, .013, .011, .012, .011, .009, .008, .005, -.002, .005, .003, .005;
    .018, .015, .015, .014, .014, .014, .014, .015, .013, .011, .006, .001;
    .015, .014, .013, .013, .012, .011, .011, .010, .008, .008, .007, .003;
    .021, .011, .010, .011, .010, .009, .008, .010, .006, .005, .000, .001;
    .023, .010, .011, .011, .011, .010, .008, .010, .006, .014, .020, .000];

dnda_lookup = [.001, -.027, -.017, -.013, -.012, -.016, .001, .017, .011, .017, .008, .016;
    .002, -.014, -.016, -.016, -.014, -.019, -.021, .002, .012, .015, .015, .011;
    -.006, -.008, -.006, -.006, -.005, -.008, -.005, .007, .004, .007, .006, .006;
    -.011, -.011, -.010, -.009, -.008, -.006, .000, .004, .007, .010, .004, .010;
    -.015, -.015, -.014, -.012, -.011, -.008, -.002, .002, .006, .012, .011, .011;
    -.024, -.010, -.004, -.002, -.001, .003, .014, .006, -.001, .004, .004, .006;
    -.022, .002, -.003, -.005, -.003, -.001, -.009, -.009, -.001, .003, -.002, .001];

dndr_lookup = [-.018, -.052, -.052, -.052, -.054, -.049, -.059, -.051, -.030, -.037, -.026, -.013;
    -.028, -.051, -.043, -.046, -.045, -.049, -.057, -.052, -.030, -.033, -.030, -.008;
    -.037, -.041, -.038, -.040, -.040, -.038, -.037, -.030, -.027, -.024, -.019, -.013;
    -.048, -.045, -.045, -.045, -.044, -.045, -.047, -.048, -.049, -.045, -.033, -.016;
    -.043, -.044, -.041, -.041, -.040, -.038, -.034, -.035, -.035, -.029, -.022, -.009;
    -.052, -.034, -.036, -.036, -.035, -.028, -.024, -.023, -.020, -.016, -.010, -.014;
    -.062, -.034, -.027, -.028, -.027, -.027, -.023, -.023, -.019, -.009, -.025, -.010];
%     
%     dlda = interpn(alpha_vec,beta_vec10,dlda_lookup',alpha,beta);
%     dldr = interpn(alpha_vec,beta_vec10,dldr_lookup',alpha,beta);
%     dnda = interpn(alpha_vec,beta_vec10,dnda_lookup',alpha,beta);
%     dndr = interpn(alpha_vec,beta_vec10,dndr_lookup',alpha,beta);


